1110011110111011111100111100010001000100111111101111010111110010011011110101011101101111111011000100
0101011000011011011110001101011111001010110111010111110101010001101111010110110000111110110010010001
0010101001111001011001111111011011010101010110111001101111010111001100010100111110101110100001001110
1100001001000000110110100010000011011000110011111001101011000111111110001111010110101111110101000110
1110100101110110010011011001111010100101101010000101101110100110110111001101010000100011111111000111
1011111101001100001100101010011001000101011111110110100011110101010101010100010000010100100010000101
0011001011000110011110000110010011011000110101110011101111010100110010101111111001011110100111101111
1101010010101101101000100001101110101001111011011111100101110101110111111011100010111111111100111001
1101100011001110100110100011101100010111111000111100001100101111111111111100011111101110000001110111
1011100101110111101101000001110001111101011100111101100111011101011111000001111010111100001011000101
0111110111100010001010001110000100011011101101011111011101101110101101011000000010100011100010101110
1001111010110000111001001111100010101101010110010110011011111101110100001111011100100010001110110111
0010111111001100010111111001000111111111110111101111111111010101110001100111011001111111110010100011
1011001010101000001111111111010010111111000001100110010111000000000101001011010001110010101111000111
1111010100001111010101001001010111011011001000001111110001010100000111110010101011101101110111101111
1000000101000111100001001010111100111100011010000001011111111001010111100100111101010101100110101010
0111010101110001100000111000111010111001101010111101011110101001001111010000110010011110110110000100
1100011110010010110100101100110001111011110110001011000111111011111010010101010001110101101010010010
1011101110001010111110011111101000110111101010011111111100010000011110011011101011000111100110101111
1011100110101101111001101101001101111111101100101100110101011011101010101100110011001001110110111000
0101110011010100011010110110001111011111001101111110101111110110000100110011111011110111111001000101
1101111110010110111010111110010100100101010101001011101001110101001110001100111100011110111111111101
1101010101101101011110011011110111101101111001011010010100111111111101010110001100111111110110110000
1101101011101111111001101111100111111001000101001101000100111011101001111011100100011001111110110101
1010110110000011111010101111110110110001101011000110000111001111111010101101101001011111101010010000
1101111100111110110100100111101111010001010101011110111101010001100100110100000111001010001110011001
0100010011001110010010100101001011110100011011000110011100110010011111101010110101111000111111001111
1100000101011001000111100001111011101011010101001110101010100001110110100100010111110101110111111001
0000110101111101110011001001011111111011001001011111001011101111110010110011111010111110011001011011
0000001111010110111000101111111110111111111000100110011101111010011110111101101101100001100010001111
1001001011010111100000101101000111100011101011111100001001110110101111111010001010101000101111101111
1011001110100011111111100011101110010011100010011100011111110101001101011011100111011011101011100010
0110010111011101001110111000110011101110110011101011101111100110001100011111101111000101101001010101
1101001100100011101110100100111001101100110111011110010110001010101001011010000111010011010011110111
1001111101111011000110010111111001010101000100111110111110001101110010111101000111100100100100001101
1110000011111000011001000000011110001110000111111101100001001000111011110101011110110001111100000101
0110111101000111001101110010110001011011110011000011101101000011001100111101001100000101110001110110
1001011101101110111111101011100111011010011101100001110100011101111001101001110110010110101100110000
1101001010111110010100010011000101111100110111111011101011111111100001010101011111100011010110101101
1110000011001010011001001110111101100101011001111000101000111001010010101111011101010110011011010100
1111001011101001110111101001100111011101000100001011011101110011100001111111101010111111001111100101
1111111011111110010011111101011010011100111111011011111111111101010110011111111001101110111110011111
1101001000000101111101011011110011011111110101100101010101101001111111111101000001011101110001011100
1101100011100001111110010001110010111010110011101111000011111001100110110101010110101111111111101100
1010010110100101011110001110101001101101100010111110111111100100001101111110101001110010110001100110
0001011011110101001101110110111001000110101111101101110111010001101001100110100011111000011110010101
1100101011111011001100110010101101011000011110111110111110010101001000111001101010100111001001101010
1011011111101101110111011111111111010011011001101000001000011101011111111100011001111010110110100011
0001101011111110000101001011011110010111101100010101001100111101001100101111010010011000011101110100
1100100010100011010100100110001011101010110101100010111111100010110100111111011111011000100110100101
0111100110111001001011110011011000001101000100101101110101101011001011011110111111100101110110001111
0010011011101010001101110001010101001011111101100010101110111111011110111110100011010011010101010101
1111001001001001001111101101111111100110111101101110110001111010111011011100101111000111111101111111
1001111011000000100011010101101101110111110011001010110110111100000111010111010000011110011010111010
0010101101001010110011001010101101111110001100010011110010011101010011011111010011010001100110100111
0111011101011111111101011111100101011111111110101010001100011111110010110001111001001101110100011100
1000010111110111011000011011101100111110111010001010101110001111010100111111011100010111001100111110
1110010110011100100111001011101110101111101111011101101101111111111110101001010000110010100000101110
1011111100000101011111001001110011010001101011110100011001100000011111010010110101111100110110111100
1010011111111111000110110010111101011001110111110101111011011101110010011011011111001111100011001111
1100001100101111010101010001101000111011001000001101110110110011001010110111011101000110101001110001
1111011001100101111010011111110011111011110110111000110011110110110101100100111101001011110000011010
1000011100001110001011111110100111110101110010010101111011010100110111010100110101110011110001101010
1100101110010001100111011011011111111111110001110101010001111001000101111100111101011011100100100111
1111001011010100110111011110101000110001111000101010111000100110010111110000111010010101111111000111
1010001111111011100111100101010001011010110111010001010011101110100111010111010111010000101011100100
0100101111001100001101101101010111100101101111101011111111110111011100111010001110110001111111111111
1110001110110110010001001111011011101001110111101101111110011110011110001111011010011111111101101110
1011110111110000111010101110000100110000001101110010001000110101111111011010101010101001011110100001
0100110101000110011111110100001101100010111111011110101110010011101110111110111101101000111110101100
0101000110001101110000101111100110110110011101011100011110100110101010011100101110111000001110101010
0011101101011111101111011111111101010110100110001101011000110101111111000001111000111100110010010010
1100111111111001000010100110100111111100001101101001010110010101000001111100111111111111010111101101
0001100101110011110011111110010100110000111111101100001010110010000101000011111110110111111101101011
1111011011110001011110111100111011111011011101001101110101001011001111110101111000110010010101100001
0011110011000111011011111011100110011111111010111011001000011011001000111011110010010001111111011101
0101010010110010110011001110001110111001001001111111110011000101101001101010110100000011110011011110
0011111100110100111011111111101111011111000100101101010010101000111101000110010000000010111110111110
0011001111110001111101111100111010100001001101101110001011100011011111111001011010001011010001111111
1100110010110000111110011111110010101111011101011010111111011111011000010110111010001101101101101010
0010111111001011000000110011101011111011001110111101011110001100001101001000101010101011111111101110
1111101000101010111111001111001011001011011111101110111011111111001010011101111011000000101101011111
0010101011011111100111011011111111011110110100000110101001101111110111011011111111000101100010100111
0100110011011111000111011000111000111100011111111000010010101101101111011111011101010001111110101010
1101011001011111101010100111001110000101110101010000110101111011010011101111111011111110001000111111
1111011101110111001011100011100010111011111111000011100001100110110011000011101111100100011111010010
0111010010011010000111000010110001101101001111011110111110010101110110110100011010011111111000111100
1000110100110100101110000011011011110111000100100011011100100100001101011100111111011011010100010101
0001001111100010110111111011111110001101001001100011110001011110011000110101101111110101001110011110
1111110101111001101010010010111001001111100111011100111111000110010001011101000100011111001000101100
0101110110110110101101010010110010111011111110011111001110111001111011111010101001001011100101011011
1001111100101110100010011110101110010110100000101011000011011001010111101101111011010000100110110110
1011111001111110100011010110101111000011111110011101011101101000110101100110100111101101101111011110
1101111000110110111100110110001101110000101000110101100100001100010110011111111111011110010000001011
1001110011000000100010111000100010010011110001100101101010001100111111110101001110010000101010101001
0011011011001001011101011100111110110001001111110110110100001001100111001100101000101101010101010010
1011001000111110101101101111101000001010101111111000010001101011101101000101001100111110101111100011
1100111010110011101011111011101001100111011101111100101110010001111010101101011001111010001011111010
0101101100011110110111010110110010000001111000010001111011010110001111111110100110011101101100100111
1110010110110000100111011111100011111110100000111001011110101000100101011000101101111010111010000100
